[
    1.0234103445725182,
    0.8604092447658239,
    1.0870420230562923,
    1.0922749220560215,
    1.0103281074238626,
    0.8747639388666587,
    1.1143015605091786,
    0.8439646970841095,
    1.046940370889243,
    1.0533653362389983,
    0.9589372553792855,
    0.86577706760279,
    1.0835739782852907,
    1.1276134771438409,
    0.9824591014767414,
    0.9505382938615238,
    0.9041461338032242,
    0.9753832273539698,
    0.8378735359440834,
    0.9726595127227067,
    0.942169163325447,
    1.014667606277056,
    1.0500359062284623,
    0.9862756878107573,
    0.9132228103560848,
    0.9894929980661676,
    1.0246419964123508,
    0.9214542466362677,
    1.0454654400362267,
    1.1377934976037976,
    1.0031737486204308,
    0.7575587227353373,
    0.9038207266778611,
    1.0008804092960748,
    0.9853267706809145,
    1.0330562266569714,
    1.0649427228302566,
    0.9830257632571341,
    1.0384590854148388,
    1.1196275954721484,
    1.1337701353567107,
    0.9194515691292342,
    0.9809385388098939,
    0.9399761230553183,
    0.998238637990668,
    0.9384075092485483,
    1.0897851056355703,
    0.9973262865928015,
    0.8423230822725188,
    1.045265176955669,
    1.034030903591087,
    0.9304985820391654,
    0.9425262747868457,
    1.0252859841710271,
    0.8841419589907702,
    1.1411797373335064,
    0.9258965985597599,
    1.070922636321772,
    0.9339366096599662,
    1.0088483433084416,
    1.1216900697255254,
    0.871386764911211,
    1.180613098396827,
    0.9289862905901949,
    1.0292588229409207,
    1.0556880971628304,
    0.8978036588043276,
    0.9731996193806911,
    0.8960235974555625,
    0.8001887093476442,
    0.958372803752873,
    1.1995572588684518,
    0.8809447107992273,
    0.9328103845535868,
    0.9716332572438701,
    1.1486501026954854,
    0.8886915216434541,
    1.1091768195141594,
    0.9202205470365401,
    1.0880038877704115,
    0.9876478952469403,
    1.1015352506396736,
    0.9616369743245301,
    1.0952050186201532,
    0.9498498056693506,
    0.9523663004780111,
    0.8847340433532154,
    0.946763233284367,
    0.8941716871520237,
    0.9976596329348295,
    1.0200531981477579,
    0.7484191557992824,
    0.8022751156288446,
    0.8918187487929001,
    0.9466014916479314,
    1.0659177512139963,
    1.0381690812881024,
    1.0678225052101586,
    0.9814999864996966,
    0.8637044852559294,
    1.0307067779619818,
    1.2332551988823273,
    1.063287992451136,
    0.9272452146323986,
    0.9950281406090228,
    1.0154980282901211,
    1.1047773661839804,
    0.9361909837373527,
    0.9248324470109558,
    1.1413644312448614,
    1.1443653800781108,
    1.1750246577703354,
    0.9610981038897137,
    0.8344786291235993,
    0.8620667361473193,
    0.9815892840661871,
    1.0421925887099008,
    0.899896337583464,
    0.934729115987872,
    1.040954870393414,
    0.9785320373418716,
    1.0938338596168553,
    1.1711484152981502,
    0.90210279022842,
    1.0198276102362382,
    1.0305820541792048,
    1.0607619559890875,
    0.9999740287571113,
    1.2056916559940585,
    0.9598801442117336,
    1.2119694916310295,
    1.059167727336668,
    1.0583221272390197,
    1.0762164679807746,
    0.9533048090260862,
    1.1013987692314433,
    1.0104994426465521,
    1.0947394569756272,
    0.9969389471118265,
    0.9462997243453454,
    0.9260898851335566,
    0.8840701474130161,
    1.3249625321908491,
    0.9898626985739557,
    1.1431463372305684,
    1.0484027195953283,
    0.9712501743087266,
    0.9453143792114171,
    0.9029704291523072,
    0.9373855189512809,
    0.8665896389690264,
    0.9689070526807319,
    0.9858501920278656,
    1.240912743568479,
    1.044729960495382,
    0.9668416629714012,
    1.0369904148146118,
    0.9197134074101176,
    1.01958485944576,
    0.9914009538779897,
    0.9737542301809969,
    0.8999892980916179,
    1.05751517935297,
    1.0889935226002578,
    0.9415773116086208,
    0.9704863277046464,
    1.0079066636593572,
    0.9907805593621908,
    0.8491299688340599,
    0.9340967230692097,
    1.0092400359124571,
    0.9637851587579953,
    1.0224483798783088,
    1.2236579659482316,
    0.888021154726499,
    0.7553159409813318,
    1.16033114260649,
    0.9850509754289876,
    1.1872254032986598,
    1.0173961829144076,
    0.9888449758028557,
    1.1175538890039398,
    0.8806320600804889,
    0.8775398712546729,
    0.9697372793591157,
    0.9914648089117751,
    0.9996991502292402,
    0.9453114112789661,
    0.9168848867035068,
    1.0828876895752977,
    1.019424605087802,
    0.9233844731922483,
    0.9320992301688369,
    1.1469360812884652,
    0.9224699823891099,
    1.061482953538477,
    1.1742432293115062,
    1.0136077939020742,
    1.0145121336520626,
    0.9799357671234864,
    0.9223680119483003,
    0.899802346280369,
    0.8947165736171899,
    1.1111742960021793,
    1.1113815185548706,
    0.7604291408972927,
    0.8886342898071615,
    1.0306707178710408,
    0.9179661408704198,
    1.1139269109175272,
    0.898296021548842,
    1.0605775313915238,
    1.200718366119261,
    1.1112411064027001,
    0.8893173497396292,
    0.93319756617869,
    1.0285088969288905,
    0.8322449283863408,
    0.9717653476814042,
    1.0222664929904612,
    1.1218306553227961,
    1.0709371008778297,
    0.8672271990840665,
    1.0581914763299731,
    1.2327572510863862,
    1.0947141600398063,
    1.0895293734835871,
    0.9575500681753488,
    0.9122339656591905,
    0.9869918337412856,
    1.1672967329833952,
    0.9041849891233968,
    0.9956153348193121,
    1.0321185443305205,
    1.1220813881802683,
    1.0596732041330226,
    1.128223768461206,
    0.9243224052531457,
    1.136567736123924,
    1.088065324772717,
    1.0593732611133913,
    0.9627734752396039,
    1.0795081804032858,
    1.0656589200524231,
    1.1110722850113388,
    1.0092838964124478,
    0.9568535209233968,
    1.0591308798821908,
    0.9347266429682826,
    0.8383367093563061,
    0.9524098954426957,
    0.8196572534748436,
    0.8217129249857927,
    1.0678729664471653,
    1.0705944421193967,
    0.9268832391070623,
    1.0669121102641284,
    1.0165618832072598,
    1.139061816816878,
    1.0227071039474283,
    0.7627108999330195,
    0.8186565334340536,
    1.1959824180076626,
    1.0577534387702698,
    0.8840015145041016,
    0.9194523796325023,
    1.096559906220468,
    0.9317725485506339,
    1.0143816629939753,
    1.0167290935173405,
    1.0474357338750087,
    1.0828891399580949,
    1.1406290140392572,
    1.1227511093821005,
    0.9547922971151506,
    1.1976070921378263,
    0.9560165973853392,
    1.0254728177702053,
    0.9514822918572337,
    1.1424711457355656,
    1.0543818037987656,
    0.9167441319674036,
    1.000339648278099,
    1.1281300801524279,
    1.119037477469974,
    1.0740821079675962,
    1.1087642574032888,
    1.02277050824704,
    1.0302025862153623,
    1.0702733835362739,
    0.8562768115442884,
    1.0019685788317336,
    1.1888024853721775,
    0.8808285376417584,
    0.9791274481497134,
    0.9547424216610723,
    1.1879091492526765,
    0.9025544934999931,
    1.0330041413026179,
    0.8592457710053055,
    1.0314050206943126,
    0.9355519380183506,
    1.0105178815908988,
    1.0558260377823698,
    0.9876648871872246,
    1.218383449359072,
    0.9929273246808854,
    0.8378858836505096,
    0.9503789298407909,
    1.030719634674847,
    0.8991350021492649,
    1.2222828168320385,
    0.8535425692813683,
    0.7920210910987777,
    1.0202152014386134,
    0.8367654975450225,
    0.9928049523549183,
    0.975253985075565,
    0.9348163856059988,
    1.031123601701901,
    0.9469862713645237,
    1.2228405579828712,
    0.721141418178818,
    1.034186696509464,
    0.9719094912111064,
    0.8990901328338393,
    1.048516725801393,
    0.9722362790151599,
    1.0439842001612427,
    1.1242216873205653,
    1.0830662146568124,
    1.0508042227201368,
    0.8311529388159855,
    0.8302915545677918,
    0.914324019902568,
    1.0206094703281654,
    1.0309509106967472,
    1.1738297417495929,
    1.1727192378455906,
    1.0373449829973462,
    0.8683928589843517,
    1.2140944265364242,
    1.106806553573931,
    1.0328119355616845,
    0.8488548732389509,
    0.9140517198782312,
    0.9855179375534553,
    1.0102878153899237,
    0.8554529755756313,
    0.9304881562552714,
    1.0606051294481653,
    0.8760666822596779,
    1.1196333482903658,
    0.9879886781701784,
    1.014717550460425,
    1.0402402043208134,
    1.095416380415041,
    1.2076767778200161,
    1.0028691698934475,
    1.0032895875817838,
    1.0488467928156258,
    1.0390160599787226,
    1.0142657800549286,
    0.8498071399578568,
    1.0942657818034303,
    0.8284626727656715,
    1.064501131091529,
    0.9735994493121666,
    0.9148307107230212,
    1.1151996613219763,
    1.011755278821935,
    0.9678805286545076,
    0.9557088620805632,
    0.9224572157710911,
    1.1158284390458644,
    1.0317867657352835,
    1.0044342081728999,
    1.030076743936403,
    0.8125631377522935,
    1.0177899130285135,
    0.8515667826081663,
    1.0856358779990531,
    0.948883211868002,
    1.2184232646426587,
    0.8917367201165686,
    0.9314462853676443,
    0.9297176647341805,
    0.9500557910517453,
    1.145587839515972,
    0.979761867422111,
    0.9084326784712257,
    0.9229735366397025,
    0.9278500835004365,
    1.0441687996632154,
    0.9526945460802845,
    0.9452306015313559,
    1.0428609419673651,
    1.0143791859147608,
    1.012705134951542,
    1.0606066671293775,
    0.9308360915279095,
    1.2534948652076483,
    0.9941513941024844,
    0.9175696603134192,
    0.9294408864744153,
    0.8884516308052557,
    0.8857893470488789,
    1.0957224923861926,
    1.069019040163266,
    1.0201544881020288,
    1.0980412012729377,
    1.0668144550904362,
    1.150751896647358,
    0.9594697877142809,
    0.9390915657650637,
    0.8715438030749281,
    0.9420965531089383,
    0.9489203776095361,
    1.0422570518986083,
    1.2115321879957162,
    1.1633359839994057,
    0.88209156722753,
    1.022949313095448,
    0.9133206512061536,
    1.0664346440034085,
    0.9963013093864116,
    1.1953483104709515,
    1.0071566329624948,
    1.090571964667559,
    1.0467949990181669,
    0.9087066381981878,
    0.8569658700168505,
    0.9551853763598127,
    1.0201369203729425,
    0.8712968110898636,
    1.0413702456609883,
    1.1554483095655328,
    1.079110510226371,
    0.9267283469753929,
    1.0179870843672565,
    0.8665463156764246,
    1.1014299001155659,
    1.0817259079652541,
    0.8354381547207609,
    1.0207629333273913,
    1.0018962977868486,
    1.1618666455755515,
    1.0401936214008252,
    1.2805845702917558,
    1.148491645398652,
    1.0571744277198591,
    1.039848075307453,
    1.0205459471592064,
    1.0049257371738662,
    0.9331987769385469,
    1.1529730453156526,
    0.7560717671595366,
    1.062008240815746,
    1.0835524012774365,
    0.9164934157395864,
    1.0833252449157371,
    1.2147454602291867,
    0.9292020594198112,
    1.0120645200855842,
    0.8999416990328807,
    1.0842765059976915,
    0.9552964943731101,
    1.0495025493912828,
    0.9814525165787864,
    0.8438849810504,
    0.9771160197033686,
    1.1367335219995853,
    1.0501680742561081,
    0.9339322054335848,
    1.0545116969824497,
    1.0403138880917882,
    0.9570502029841501,
    0.9827928635799831,
    1.0116103328510175,
    1.1341784546753921,
    1.0120502153271722,
    0.9929568465909636,
    0.8555096719412778,
    0.8807614033757697,
    1.2043603713274473,
    1.0264120399813996,
    1.019847911179474,
    1.0616362715534107,
    0.9735155161967222,
    0.9662543208620806,
    1.0840765487836799,
    0.8715014359012928,
    1.0765364717645294,
    0.9496187009881498,
    0.9759099999583077,
    0.983052282921547,
    0.8562395269367322,
    1.2336650352228409,
    1.141452864947075,
    1.0652229511742983,
    0.9277155864626896,
    1.0102877562758725,
    0.8750960223769767,
    1.1669422675819323,
    1.017581272237862,
    0.8018344414717312,
    0.8802811202080539,
    1.133230935011538,
    0.9064561306200676,
    1.1774911620547148,
    1.1010260487504615,
    1.0050159197170614,
    0.958782884337,
    1.0181640959203468,
    0.9980761433475369,
    1.0288352320989267,
    1.1425206130060859,
    1.1319174304965984,
    0.8991049033911803,
    1.025116817643412,
    1.0063374659998194,
    0.9840069798874908,
    0.9961454638912005,
    1.146693286611855,
    0.8614599043200311,
    1.0387214285768098,
    0.9567069882277726,
    0.9969031699915808,
    0.7980163709386059,
    1.0912988787442237,
    0.9718695700765903,
    1.0526994834276864,
    0.9120895794030881,
    1.150253811971161,
    1.1428403372759328,
    1.117197518477988,
    0.8877658954390243,
    0.9500305348518489,
    0.9126693669108833,
    0.8399494260456439,
    0.8902213820896447,
    1.0431773101431427,
    1.0258563667243759,
    0.9335234060169405,
    0.9143909591541965,
    1.0787178378401654,
    1.0922929081787318,
    1.0671034613552917,
    0.9130941750258427,
    0.9779975949394808,
    1.1099041583758384,
    0.9953047279971469,
    0.9068422637412686,
    0.9663175211688272,
    0.885935869738662,
    0.8335240634366938,
    0.9748493569005684,
    0.9760692690046306,
    1.093297695311388,
    0.9582448347641097,
    0.9786263818482126,
    0.9383102608758913,
    0.9865333724659768,
    0.9809778422443561,
    0.9871745711181577,
    1.1165980100936364,
    0.8493657959550236,
    1.1637543583708385,
    1.069512872988286,
    1.1329946737034995,
    0.9512995221816428,
    0.8436145851859598,
    1.076777500655695,
    0.9995275901739202,
    1.0623404480450533,
    0.9210449165137076,
    1.1020411455547012,
    1.0240110627869452,
    0.9801714760239071,
    1.1455007109813669,
    0.8630867232055306,
    0.7856569012537418,
    1.0930961734467999,
    1.0296049590811298,
    1.0684873609376104,
    1.0790218590534622,
    1.0403921376890781,
    1.0116186561024223,
    0.9849879957385087,
    0.8243435833764747,
    1.051104189815482,
    1.0061268491491506,
    1.0182802005286002,
    0.9902349948048316,
    0.9802208271358215,
    1.1223211681341412,
    1.1396484250908085,
    1.035140754075689,
    0.9113878365306102,
    0.8120987299536242,
    0.9917763205928878,
    1.1039185541889696,
    0.9354710559078889,
    0.9806662657235723,
    1.210565690164444,
    0.9955992626401112,
    0.8398127073276319,
    1.077832440527886,
    1.1586266990498135,
    1.0179843765160042,
    0.8606315204391461,
    0.9643192296394638,
    1.0559791176912574,
    1.0515102027458432,
    1.1371607930708298,
    1.0456412045809969,
    1.119148660478157,
    1.2015485984336534,
    1.101805179281933,
    0.978726131898025,
    1.0384212051810275,
    1.0484026430420081,
    0.8460962380539857,
    1.0522699803924647,
    0.9477082115346167,
    0.8086286504302189,
    1.0806098400547843,
    1.035506361609514,
    0.9628964102216289,
    0.8785264143587657,
    1.2279792631895332,
    1.062269579203556,
    1.252789452921863,
    0.9942366480880949,
    1.173041138075903,
    1.0002307194234705,
    1.2195719150810045,
    1.0388428309222675,
    0.9860755931085345,
    1.0065289789945866,
    0.9724874092179645,
    1.0918654473006784,
    0.7839081035670393,
    1.021518342285402,
    0.996337660486326,
    0.9911064020478421,
    1.0077766085051925,
    0.9147233745512636,
    0.9073295931156922,
    1.007219804863001,
    0.9264338925533314,
    0.8806313222933908,
    1.0077570975090648,
    1.0079894093856419,
    1.0674149990832558,
    0.9747294759639119,
    1.0486104669625447,
    1.153158566304555,
    1.11965655509585,
    0.996474598323127,
    1.0748454813958594,
    0.9558926315650511,
    0.7844313642626721,
    1.053840141260605,
    1.0312631963766514,
    1.2141871624827185,
    0.841928150521695,
    1.016415829068167,
    1.159297898320957,
    1.059560293539986,
    0.9698655775293845,
    0.9811444000872167,
    0.7823917234206572,
    0.9366112002668819,
    0.8431652212229354,
    1.0575577474578182,
    1.140479285174894,
    1.0084715646204674,
    0.9001051219044729,
    1.0433048399163218,
    1.1134460002561886,
    1.059288865987779,
    0.9752438304639701,
    0.9804686092961564,
    1.0322898330193653,
    0.9510206490448073,
    0.9069249263806675,
    0.9417417143171152,
    1.051419326338292,
    0.9890006344863433,
    1.009952269442326,
    1.0876944946596983,
    0.931071969605902,
    1.1153204649764883,
    1.0218591721918953,
    0.8975862687188677,
    1.0282487870225268,
    1.0324625987565481,
    1.0488816627387094,
    0.949941124355981,
    1.0887454083393409,
    0.959013465324382,
    1.0863568566686204,
    0.9977708974543069,
    1.0250726620106752,
    0.972134229338417,
    1.0729807632206854,
    0.8069553635450473,
    1.0423472566458187,
    0.9956932535284014,
    0.9799448345265543,
    1.0102103295965346,
    0.9628681056153331,
    0.8570883451592539,
    0.9724402780871011,
    0.9584327025922074,
    0.9039021234284039,
    0.9946541262970676,
    0.8508492331277626,
    1.0524802147496601,
    0.879492891473992,
    1.0135498093723732,
    0.832411702213313,
    0.8500472706620078,
    1.1112480865360703,
    0.9742658027673012,
    0.944015843436707,
    1.1278462653234893,
    0.8521347228589307,
    0.9076913361169214,
    1.0752308959938364,
    1.0487147295614434,
    1.1633812408704078,
    0.9236891901557064,
    0.9137599810754774,
    0.7899437569406695,
    1.2570844557693364,
    0.9965712687694078,
    1.0977240720132742,
    1.0492830091759868,
    0.9291771521608211,
    1.0641761937719887,
    1.0359516049707602,
    1.1286247439086372,
    1.1518975758371701,
    1.0007210160339441,
    1.0097307575059569,
    1.2138516910887691,
    0.776083223991612,
    1.007432087279348,
    0.8721186613581919,
    0.947146708059088,
    1.0159375402513984,
    1.0206641275938328,
    1.0251545480014341,
    0.8503289864599781,
    1.0021237045996378,
    1.0781758042017116,
    0.9834457381760567,
    1.0232085122858459,
    1.011933651803621,
    1.1362039900580416,
    0.9431728964990516,
    0.7690545204577435,
    0.9546484097067657,
    1.0647395946416336,
    0.9615648411238231,
    1.051946998282709,
    0.994073327823007,
    1.0140211723822417,
    0.8263051146417372,
    0.9486817372135063,
    1.0227804613258142,
    1.1943429348812484,
    1.040502009824546,
    0.9946883214980913,
    0.9586603983411439,
    1.1143175707348765,
    0.9397593608539508,
    1.0195288616246359,
    0.9006080077508193,
    1.0886420365341296,
    1.1150695472350753,
    0.8495559782861132,
    0.9463294839940707,
    1.024601681075981,
    0.9328491145874589,
    0.894993386524529,
    0.9549385590452394,
    0.9466471984862207,
    1.039155997937818,
    0.9088561094880184,
    0.8812767473492258,
    1.0355219071439725,
    0.9674844778922097,
    1.174491286872679,
    0.9040921362293285,
    1.0594787119415134,
    1.143543578614239,
    1.0223315876759638,
    1.0103755890868809,
    0.9583583358736023,
    0.9846185008446162,
    0.9688667444667088,
    1.0343499640777785,
    1.0329693689296144,
    1.0260985422617372,
    1.166962588514599,
    1.1665261540043077,
    0.9660986349404508,
    0.9172156583080634,
    1.1423324864260664,
    0.9546644431693908,
    1.0344169947649806,
    0.9514870525231409,
    1.0589897599638343,
    0.9542349611748621,
    1.1163416223077762,
    0.7330584175820514,
    0.9895186279648656,
    0.9743417031701651,
    1.1032458679170438,
    0.8397586849789398,
    1.0377433548906971,
    0.9769646107615028,
    1.1691103592854684,
    0.9976574017720784,
    1.0672665809542576,
    0.9422150283372119,
    0.9253088000655236,
    0.9289211172088399,
    1.0718885330801802,
    0.7342743980108652,
    0.9265386587100325,
    1.06305108544512,
    1.0868681340614224,
    0.8657416184932369,
    0.99162320374759,
    1.1718285665683603,
    0.8970347676516248,
    1.0069301819826406,
    1.0410316752112467,
    1.0623559051379805,
    1.1011933867652588,
    0.9311029326677767,
    0.9601485812053985,
    1.018963821277038,
    1.0499782480422637,
    0.9640520823407419,
    0.8292950480847131,
    1.2123254405065924,
    1.0441936366879485,
    0.8711440046497823,
    0.940696689813311,
    0.9132401223834711,
    0.9350169222016443,
    0.9308212860366231,
    0.9652230275667342,
    1.1777390396190415,
    1.0468442176382386,
    1.0327504161838201,
    0.9345300658470618,
    0.9302161360503943,
    1.032056411484927,
    1.0898904774105502,
    0.8702625089718183,
    1.1502574786215003,
    0.8568839651122432,
    1.139848004871393,
    0.9656780255883977,
    1.12977160029048,
    1.100475462173149,
    0.9195509735837182,
    0.9742631103256469,
    0.9334335085171925,
    0.819478032278642,
    0.942942916779565,
    1.018237436496155,
    0.8801965015886821,
    0.8905080805336114,
    0.9376543086883447,
    1.0165950801914356,
    0.9404472194143758,
    0.9842321612526947,
    0.9622905387681828,
    1.0440210455571413,
    1.0264933484134007,
    0.8281395673816997,
    0.7660884386184017,
    0.9218472188550935,
    1.1258644454669093,
    1.090841183449207,
    1.1601244913378665,
    1.060163446143133,
    1.0051320408554203,
    1.1316601216550066,
    0.8772140559255018,
    0.9268458164269313,
    0.922730394897473,
    1.0219045368979822,
    1.0557756655332162,
    0.9420164896438148,
    1.0048676253305169,
    0.9430212989753183,
    0.800893415843458,
    0.9157592114819331,
    0.9662108650713351,
    0.6453850748708903,
    0.813082656136108,
    0.9929357407655092,
    0.9154512794816679,
    0.9227431893511028,
    1.1573160184743025,
    1.030002855240067,
    0.9389637353392765,
    1.2202878940714816,
    0.887345372661284,
    1.1169328844111486,
    1.0502089495153757,
    1.0120290331465092,
    0.9788598009992477,
    1.0418794484078258,
    1.0535173339953325,
    0.9131534904055885,
    0.9511471999491445,
    0.9110017983896809,
    1.0258282539739383,
    1.1453720627541946,
    1.1066317415038114,
    1.0061425312887948,
    0.8574570133400029,
    1.1350350737007429,
    1.1413808758648911,
    1.0614962705336735,
    0.9691129244583219,
    1.1324611065594312,
    1.033014030718641,
    1.0493577636151346,
    1.131559775839623,
    1.0280322946510023,
    0.9686231210527668,
    1.081506028492285,
    0.9665459385028735,
    0.9562818083219873,
    0.9630523306719142,
    1.174425511387505,
    0.8752095014671839,
    0.945280109673929,
    0.9985956586580276,
    1.0861875543167825,
    1.0928457865071874,
    1.2065650520636557,
    1.011905299359732,
    1.092676349237827,
    0.9317233144370868,
    1.0363114737123007,
    0.8487791561976228,
    0.9187745491347158,
    1.1359624343378105,
    0.7766320530042136,
    0.9401908906969668,
    1.0510251007397409,
    0.9009817159133781,
    0.7828123404985605,
    0.9711790714163779,
    1.0995540860276942,
    1.072885721633827,
    1.0622574157342264,
    1.1272189113670863,
    0.9796200480505617,
    1.0403673727443006,
    1.081891015641394,
    0.9574584135460023,
    1.0202278298599015,
    0.9785469046487356,
    1.1477222110253027,
    0.9787804949057601,
    0.9899923845627783,
    1.05904376940985,
    1.0775767843913608,
    1.0707466772425303,
    1.111680553010575,
    1.2539877611495394,
    0.842037997536388,
    1.1746235990217664,
    0.9911511890624098,
    0.9124401601393055,
    0.9710617565722968,
    1.1354861424330267,
    0.9078332060946983,
    1.0326060201147145,
    1.0075471732889127,
    0.8195777669948423,
    0.9359962138526734,
    0.9282938935593351,
    1.1599265224798092,
    1.1205406609395867,
    0.9794857390336904,
    1.0029480101355193,
    1.084967980517861
]